sample1,6,99,1,478,342,4,215,97,333,223,435,476,724
sample1,9,5,4,95,4,307,191,476,345,479,509,477,718,228,437,107,328,5,214
sample1,10,4,8,91,7,319,204,478,348,474,486,470,714,340,560,229,437,94,322,7,219
sample1,5,1,0,101,2,479,341,478,554,0,56
sample1,5,1,51,479,548,478,729,216,435,1,158
sample1,6,102,0,476,341,479,722,226,433,3,152,5,3
sample1,6,2,0,99,1,473,345,474,723,221,424,10,151
sample1,6,4,3,105,3,476,343,472,718,216,435,4,215
sample1,6,99,3,475,342,474,723,216,431,7,210,5,11
sample1,5,201,122,165,458,250,461,260,296,240,292
sample1,5,203,219,208,434,304,377,327,254,355,521
sample1,5,345,323,219,181,162,426,277,423,280,316
sample1,7,199,115,291,205,319,455,259,576,211,387,151,320,195,262
sample1,7,286,165,370,308,361,513,312,555,237,526,197,428,211,335
sample1,1,11,848
sample1,5,256,446,257,280,293,261,372,307,346,472
sample1,1,213,281
sample1,4,427,806,243,810,250,734,423,724
sample1,7,94,10,307,183,473,353,469,711,259,461,72,255,9,163
sample1,4,223,282,464,543,464,694,224,383
sample1,4,232,296,465,543,468,693,226,378
sample1,4,373,1370,832,434,853,888,416,1557
sample1,5,1044,1345,837,1101,715,961,586,811,506,727
sample1,8,1047,1346,979,1265,896,1170,776,1030,708,953,620,850,570,794,515,728
sample1,6,1044,1291,917,1146,797,1008,661,857,573,757,487,659
sample1,8,1047,1398,985,1320,911,1233,838,1147,709,993,655,929,566,822,503,747
sample1,9,1047,1451,976,1360,903,1272,828,1180,768,1103,662,976,612,915,565,856,506,785
sample1,4,495,637,1044,1232,1031,1536,481,826
sample1,0
sample1,0
sample1,0
sample1,0
sample1,0
sample1,0
sample1,4,218,277,473,557,468,698,214,364
sample1,2,185,241,479,565
sample1,2,185,261,479,591
sample1,2,186,274,478,615
sample1,2,188,288,479,638
sample1,2,189,303,478,661
sample1,1,452,577
sample1,1,452,576
sample1,4,435,519,452,535,448,572,429,550
sample1,4,699,405,756,400,758,439,695,442
sample1,2,258,1383,314,1414
sample1,1,718,422
sample1,1,718,434
sample1,4,258,1383,313,1382,314,1416,256,1414
sample1,0
sample1,0
sample1,0
sample1,0
sample1,4,253,1377,312,1376,312,1410,254,1408
sample1,2,261,1391,306,1385
sample1,0
sample1,0
sample1,0
sample1,0
sample1,2,259,1382,261,1403
sample1,0
sample1,4,258,1383,258,1398,304,1382,304,1402
sample1,1,720,421
sample1,1,720,424
sample1,0
sample1,0
sample1,1,720,429
sample1,1,719,422
sample1,5,720,421,719,424,719,427,720,433,725,448
